2400
6900
8600
6000
10600
13200
8800
23700
9600
6300
11500
5200
13200
16300
13600
9500
7400
6200
7200
7900
10300
9500
10700
9500
6300
14200
16300
13300
21600
7900
15700
5700
6500
7000
9200
4900
6200
4100
5700
8600
8600
23700
9600
11300
10300
3200
6200
20700
13300
8700
5300
6900
6000
6200
11500
18300
11500
15700
7300
5200
9800
6700
8000
4700
6400
7300
5200
14200
4100
4200
6000
11600
7300
11900
13000
11700
11500
5000
6200
5300
4200
6600
6200
5500
10800
6600
5100
11300
6600
5300
4800
4200
5900
5300
7700
4600
5700
8100
10300
30300