4500
16000
9000
11000
9500
10500
13000
8000
10000
12000
9500
11000
9000
10500
14000
8000
10000
12000
9000
10500
9500
11000
13000
8500
10000
12000
9000
11000
9500
11500
14000
8000
9500
11500
8500
10500
9000
11000
13500
8000
10000
12000
9000
10500
9500
11500
13000
8500
10000
12000
9000
10500
9500
11000
14000
8000
9500
12000
9000
10500
9500
11000
13000
8500
10000
12000
9000
10500
9500
11500
13500
8000
9500
11500
8500
10500
9000
11000
13000
8000
10000
12000
9000
10500
9500
11500
14000
8500
10000
12000
9000
10500
9500
11000
13500
8500
10000
12000
9000
10500
