1500
12000
6000
7000
5500
7500
9000
4500
6500
8500
5200
7300
5800
6800
9500
4200
6300
8200
5000
7100
5500
7700
9200
4800
6700
8900
5300
7500
6000
8000
9700
4000
6100
7900
4700
6900
5300
7200
9500
4300
6400
8600
5200
7400
5700
7800
9200
4600
6800
9000
5000
7100
5400
7600
9800
4200
6300
8400
4900
7300
5600
7900
9300
4500
6600
8800
5100
7400
5900
8000
9600
4100
6200
8100
4800
7000
5400
7700
9100
4300
6500
8700
5200
7500
5700
8000
9800
4400
6700
8900
5000
7200
5500
7800
9400
4600
6900
9100
5300
7600
