1300
3700
4600
3300
6200
7800
5200
12500
6400
4200
7500
3200
7800
9800
7900
6400
5300
4200
5600
4500
5200
11900
5300
6000
5200
4200
9400
9800
8300
13200
5200
9700
4800
5500
5900
7600
4300
4500
3900
5400
7300
7300
12500
5300
6200
5700
3600
4200
11300
8300
6700
5100
6500
6000
5400
7500
9300
7500
10700
8100
5500
10300
7000
8500
5000
6800
7700
5200
9400
4300
4400
6000
9600
6800
9500
10400
9200
9000
4900
5900
5300
4400
6600
6200
5500
10800
6600
5100
11300
6600
5300
4800
4400
5900
5300
7700
4600
5700
8100
10300